Find Rewards to:
Edelstin tree (unk reactor)
Grape Juice Bottle (4000597, 4010004)
Patrol Robot(4000598, 2000002, 2000006, 1002043, 1002044, 1002017, 1002074, 1002075, 1002010, 1002057, 1002122, 1002123, 1002124, 1002125, 1002126, 1002610, 1040015, 1040038, 1060008, 1060028, 1041014, 1041064, 1061014, 1061023, 1040004, 1060012, 1040017, 1060013, 1041015, 1041016, 1061010, 1061011, 1040008, 1040071, 1062004, 1041061, 1061009, 1061057, 1040031, 1040032, 1060021, 1060022, 1040033)
Strange Sign(4000196, 2000002, 2000006, 1002043, 1002044, 1002017, 1002074, 1002075, 1002010, 1002057, 1002122, 1002123, 1002124, 1002125, 1002126, 1002610, 1040015, 1040038, 1060008, 1060028, 1041014, 1041064, 1061014, 1061023, 1040004, 1060012, 1040017, 1060013, 1041015, 1041016, 1061010, 1061011, 1040008, 1040071, 1062004, 1041061, 1061009, 1061057, 1040031, 1040032, 1060021, 1060022, 1040033)
Serpent(4000600, 2000002, 2000006, 1002043, 1002044, 1002017, 1002074, 1002075, 1002010, 1002057, 1002122, 1002123, 1002124, 1002125, 1002126, 1002610, 1040015, 1040038, 1060008, 1060028, 1041014, 1041064, 1061014, 1061023, 1040004, 1060012, 1040017, 1060013, 1041015, 1041016, 1061010, 1061011, 1040008, 1040071, 1062004, 1041061, 1061009, 1061057, 1040031, 1040032, 1060021, 1060022, 1040033)
Water Thief Monster
Dust Box
Streetlight
Patrol Robot S
Safety First
Baby Boulder Muncher
Big Boulder Muncher
Guard Robot
Racoco
Racaroni
Raco
Big Spider
Cart Bear
Guard Robot L
AF Android
Broken DF Android
Security System
Enhanced Security System
Ore Muncher